rho = 1000; %kg/m^3
f = Moody(2300,0);
